00000000000000000000000000000000
00000000000000000000000000000000
10000000000010000001000000000001
11000000000011000011000000000011
11100000000011100111000000000111
11110000000011111111000000001111
11111000000011111111000000011111
01111000000011111111000000011110
01111111000011111111000011111110
01111111111011111111011111111110
01111111111111111111111111111110
00111111111111111111111111111100
00111111111111111111111111111100
00111111111111111111111111111100
00111111111111111111111111111100
00011111111111111111111111111000
00011111111111111111111111111000
00011111111111111111111111111000
00001111111111111111111111110000
00001111111111111111111111110000
00000111111111111111111111100000
00000011111111111111111111000000
00000000111111111111111100000000
00000000000111111111100000000000
00000000000001111110000000000000
00000000000000111100000000000000
00000000000000000000000000000000
00000000000000000000000000000000
00000000000000000000000000000000
00000000000000000000000000000000
00000000000000000000000000000000
00000000000000000000000000000000



00000000000000000000000000000000
00000000000000000000000000000000
10000000000010000001000000000001
11000000000011000011000000000011
10100000000010100101000000000101
10010000000010111101000000001001
10001000000011000011000000010001
01001000000010000001000000010010
01000111000010100101000011100010
01000000111010000001011100000010
01000000000110000001100000000010
00100000000010111101000000000100
00100000000010100101000000000100
00100000000010000001000000000100
00100000000010000001000000000100
00010000000010000001000000001000
00010000000010000001000000001000
00010000000010000001000000001000
00001000000010000001000000010000
00001000000010000001000000010000
00000100000010000001000000100000
00000011000010000001000011000000
00000000111010000001011100000000
00000000000110000001100000000000
00000000000001000010000000000000
00000000000000111100000000000000
00000000000000000000000000000000
00000000000000000000000000000000
00000000000000000000000000000000
00000000000000000000000000000000
00000000000000000000000000000000
00000000000000000000000000000000



00000000000000000000000000000000
00000000000000000000000000000000
00000000000010000001000000000000
00000000000011000011000000000000
00000000000011100111000000000000
00000000000011111111000000000000
00000000000011111111000000000000
00000000000011111111000000000000
00000000000011111111000000000000
00000000000011111111000000000000
00000000000111111111100000000000
00000000111111111111111100000000
00000011111111111111111111000000
00000111111111111111111111100000
00001111111111111111111111110000
00001111111111111111111111110000
00011111111111111111111111111000
00011111111111111111111111111000
00011111111111111111111111111000
00111111111111111111111111111100
00111111111111111111111111111100
00111111111111111111111111111100
00111111111111111111111111111100
01111111111111111111111111111110
01111111111001111110011111111110
01111111000000111100000011111110
01111000000000000000000000011110
11111000000000000000000000011111
11110000000000000000000000001111
11100000000000000000000000000111
11000000000000000000000000000011
10000000000000000000000000000001



00000000000000000000000000000000
00000000000000000000000000000000
00000000000010000001000000000000
00000000000011000011000000000000
00000000000010100101000000000000
00000000000010111101000000000000
00000000000011000011000000000000
00000000000010000001000000000000
00000000000010100101000000000000
00000000000010000001000000000000
00000000000110000001100000000000
00000000111010111101011100000000
00000011000010100101000011000000
00000100000010000001000000100000
00001000000010000001000000010000
00001000000010000001000000010000
00010000000010000001000000001000
00010000000010000001000000001000
00010000000010000001000000001000
00100000000010000001000000000100
00100000000010000001000000000100
00100000000010000001000000000100
00100000000010000001000000000100
01000000000110000001100000000010
01000000111001000010011100000010
01000111000000111100000011100010
01001000000000000000000000010010
10001000000000000000000000010001
10010000000000000000000000001001
10100000000000000000000000000101
11000000000000000000000000000011
10000000000000000000000000000001