00000000000011111111000000000000
00000000000111111111100000000000
00000000001111111111110000000000
00000000001111111111110000000000
00000000001111111111110000000000
00000000001111111111110000000000
00000000001111111111110000000000
00000000000111111111100000000000
00011100000011111111000000111000
01111111100000111100000111111110
01111111111111111111111111111110
11111111111111111111111111111111
11111111111111111111111111111111
11111111111111111111111111111111
11111111111111111111111111111111
11111011111111111111111111011111
11110011111111111111111111001111
11110011111111111111111111001111
11110011111111111111111111001111
11110011111111111111111111001111
01100011111111111111111111000110
00000011111111111111111111000000
00000011111111111111111111000000
00000011111111111111111111000000
00000001111111111111111110000000
00000001111111111111111110000000
00000001111111111111111110000000
00000001111110000001111110000000
00000001111110000001111110000000
00000001111110000001111110000000
00000001111110000001111110000000
00000001111110000000000000000000



00000000000011111111000000000000
00000000000111111111100000000000
00000000001111111111110000000000
00000000001111111111110000000000
00000000000111111111100000000000
00000000000011111111000000000000
00000000000001111110000000000000
00000000000000111100000000000000
00011100000000011000000000111000
01111111100000000000000111111110
01111111111111000011111111111110
11111111111111111111111111111111
11111111111111111111111111111111
11111111111111111111111111111111
11111111111111111111111111111111
11111011111111111111111111011111
11110011111111111111111111001111
11110011111111111111111111001111
00000011111111111111111111000000
00000011111111111111111111000000
00000011111111111111111111000000
00000011111111111111111111000000
00000011111111111111111111000000
00000011111111111111111111000000
00000001111111111111111110000000
00000000011111111111111000000000
00000000000011111111000000000000
00000000000000000000000000000000
00000000000000000001111110000000
00000001111110000001111110000000
00000001111110000001111110000000
00000001111110000000000000000000



00000000000011111111000000000000
00000000000111111111100000000000
00000000001111111111110000000000
00000000001111111111110000000000
00000000001111111111110000000000
00000000001111111111110000000000
00000000001111111111110000000000
00000000000111111111100000000000
00011100000011111111000000111000
01111111100000111100000111111110
01111111111111111111111111111110
11111111111111111111111111111111
11111111111111111111111111111111
11111111111111111111111111111111
11111111111111111111111111111111
11111011111111111111111111011111
11110011111111111111111111001111
11110011111111111111111111001111
11110011111111111111111111001111
11110011111111111111111111001111
01100011111111111111111111000110
00000011111111111111111111000000
00000011111111111111111111000000
00000011111111111111111111000000
00000001111111111111111110000000
00000001111111111111111110000000
00000001111111111111111110000000
00000001111110000001111110000000
00000001111110000001111110000000
00000001111110000001111110000000
00000001111110000001111110000000
00000000000000000001111110000000



00000000000011111111000000000000
00000000000111111111100000000000
00000000001111111111110000000000
00000000001111111111110000000000
00000000000111111111100000000000
00000000000011111111000000000000
00000000000001111110000000000000
00000000000000111100000000000000
00011100000000011000000000111000
01111111100000000000000111111110
01111111111111000011111111111110
11111111111111111111111111111111
11111111111111111111111111111111
11111111111111111111111111111111
11111111111111111111111111111111
11111011111111111111111111011111
11110011111111111111111111001111
11110011111111111111111111001111
00000011111111111111111111000000
00000011111111111111111111000000
00000011111111111111111111000000
00000011111111111111111111000000
00000011111111111111111111000000
00000011111111111111111111000000
00000001111111111111111110000000
00000000011111111111111000000000
00000000000011111111000000000000
00000000000000000000000000000000
00000001111110000000000000000000
00000001111110000001111110000000
00000001111110000001111110000000
00000000000000000001111110000000



00000000000011111111000111000000
00000000000111111111100011101100
00000000001111111111110001111100
00000000001111111111110000111000
00000000001111111111110001111100
00000000001111111111110001101100
00000000001111111111110000001100
00000000000111111111100000011110
00011100000011111111000000111110
01111111100000111100000111111110
01111111111111111111111111111110
11111111111111111111111111111110
11111111111111111111111111111110
11111111111111111111111111111000
11111111111111111111111111100000
11111011111111111111111111000000
11110011111111111111111111000000
11110011111111111111111111000000
11110011111111111111111111000000
11110011111111111111111111000000
01100011111111111111111111000000
00000011111111111111111111000000
00000011111111111111111111000000
00000011111111111111111111000000
00000001111111111111111110000000
00000001111111111111111110000000
00000001111111111111111110000000
00000001111110000001111110000000
00000001111110000001111110000000
00000001111110000001111110000000
00000001111110000001111110000000
00000000000000000001111110000000



00000000000011111111000111000000
00000000000111111111100011101100
00000000001111111111110001111100
00000000001111111111110000111000
00000000000111111111100001111100
00000000000011111111000001101100
00000000000001111110000000000000
00000000000000111100000000000000
00011100000000011000000000111110
01111111100000000000000111111110
01111111111111000011111111111110
11111111111111111111111111111110
11111111111111111111111111111110
11111111111111111111111111111000
11111111111111111111111111100000
11111011111111111111111111000000
11110011111111111111111111000000
11110011111111111111111111000000
00000011111111111111111111000000
00000011111111111111111111000000
00000011111111111111111111000000
00000011111111111111111111000000
00000011111111111111111111000000
00000011111111111111111111000000
00000001111111111111111110000000
00000000011111111111111000000000
00000000000011111111000000000000
00000000000000000000000000000000
00000001111110000000000000000000
00000001111110000001111110000000
00000001111110000001111110000000
00000000000000000001111110000000