00000100010001000010001000100000
00001110111011100111011101110000
00011111111111111111111111111000
00111111111111111111111111111100
01111111111111111111111111111110
11111111111111111111111111111111
01111111111111111111111111111110
00111111111111111111111111111100
01111111111111111111111111111110
11111111111111111111111111111111
01111111111111111111111111111110
00111111111111111111111111111100
01111111111111111111111111111110
11111111111111111111111111111111
01111111111111111111111111111110
00111111111111111111111111111100
00111111111111111111111111111100
01111111111111111111111111111110
11111111111111111111111111111111
01111111111111111111111111111110
00111111111111111111111111111100
01111111111111111111111111111110
11111111111111111111111111111111
01111111111111111111111111111110
00111111111111111111111111111100
01111111111111111111111111111110
11111111111111111111111111111111
01111111111111111111111111111110
00111111111111111111111111111100
00011111111111111111111111111000
00001110111011100111011101110000
00000100010001000010001000100000



00000100010001000010001000100000
00001010101010100101010101010000
00010001000100011000100010001000
00111111111111111111111111111100
01011000000000000000000000011010
10010111110000000000001111101001
01010100000000000000000000101010
00110100000000000000000000101100
01010100000000000000000000101010
10010100000000000000000000101001
01010000000000000000000000001010
00110000000000000000000000001100
01010000000000000000000000001010
10010000000000000000000000001001
01010000000000000000000000001010
00110000000000000000000000001100
00110000000000000000000000001100
01010000000000000000000000001010
10010000000000000000000000001001
01010000000000000000000000001010
00110000000000000000000000001100
01010000000000000000000000001010
10010100000000000000000000101001
01010100000000000000000000101010
00110100000000000000000000101100
01010100000000000000000000101010
10010111110000000000001111101001
01011000000000000000000000011010
00111111111111111111111111111100
00010001000100011000100010001000
00001010101010100101010101010000
00000100010001000010001000100000