00000000000000000000000000000000
00000000000001000000000000000000
00000000000001101000000000000000
00000000000001111100000000000000
00000000011111111111111000000000
00000011111111111111111111000000
00000111111111111111111111100000
00001111111111111111111111110000
00011111111111111111111111111000
00111111111111111111111111111100
00111111111111111111111111111100
00111111111111111111111111111100
01111111111111111111111111111110
01111111111111111111111111111110
11110111111111111111111111101111
11110011111111111111111111001111
11110011111111111111111111001111
11110111111111111111111111101111
00000111111111111111111111100000
00000111111111111111111111100000
00000011111111111111111111000000
00000011111111111111111111000000
00000111111111111111111111100000
00000111111111111111111111100000
00000111111111111111111111100000
00001111111111111111111111110000
00001111111111100111111111110000
00001111111111000011111111110000
00001111111110000001111111110000
00001111110000000000001111110000
00001111110000000000001111110000
00001111110000000000000000000000



00000000000000000000000000000000
00000000000000000000000000000000
00000000000000000000000000000000
00000000000000000000000000000000
00000000011100000000111000000000
00000011111111111111111111000000
00000110111111111111100101100000
00001100111111111111101100110000
00011000111111111111100100011000
00110001110111111111000110001100
00100011100111111110011111000100
00100111100111111110111111100100
01000111101111111111111111100010
01001111111111111111111111110010
10010111111110111111111111101001
10010011111110000011111001001001
10010011111111111011110011001001
11110111111111111111110111101111
00000111111111111111100111100000
00000110111111111111111101100000
00000011000011100111000011000000
00000011111100000000111111000000
00000111111111111111111111100000
00000111011111111111100011100000
00000110011111111111110011100000
00001110111111111111110000110000
00001100111011100111111100110000
00001111111011000011111110010000
00001111111110000001111111110000
00001000010000000000001000010000
00001000010000000000001111110000
00001111110000000000000000000000



00000000000000000000000000000000
00000000000001000000000000000000
00000000000001101000000000000000
00000000000001111100000000000000
00000000011111111111111000000000
00000011111111111111111111000000
00000111111111111111111111100000
00001111111111111111111111110000
00011111111111111111111111111000
00111111111111111111111111111100
00111111111111111111111111111100
00111111111111111111111111111100
01111111111111111111111111111110
01111111111111111111111111111110
11110111111111111111111111101111
11110011111111111111111111001111
11110011111111111111111111001111
11110111111111111111111111101111
00000111111111111111111111100000
00000111111111111111111111100000
00000011111111111111111111000000
00000011111111111111111111000000
00000111111111111111111111100000
00000111111111111111111111100000
00000111111111111111111111100000
00001111111111111111111111110000
00001111111111100111111111110000
00001111111111000011111111110000
00001111111110000001111111110000
00001111110000000000001111110000
00001111110000000000001111110000
00000000000000000000001111110000



00000000000000000000000000000000
00000000000000000000000000000000
00000000000000000000000000000000
00000000000000000000000000000000
00000000011100000000111000000000
00000011111111111111111111000000
00000110111111111111100101100000
00001100111111111111101100110000
00011000111111111111100100011000
00110001110111111111000110001100
00100011100111111110011111000100
00100111100111111110111111100100
01000111101111111111111111100010
01001111111111111111111111110010
10010111111110111111111111101001
10010011111110000011111001001001
10010011111111111011110011001001
11110111111111111111110111101111
00000111111111111111100111100000
00000110111111111111111101100000
00000011000011100111000011000000
00000011111100000000111111000000
00000111111111111111111111100000
00000111011111111111100011100000
00000110011111111111110011100000
00001110111111111111110000110000
00001100111011100111111100110000
00001111111011000011111110010000
00001111111110000001111111110000
00001000010000000000001000010000
00001111110000000000001000010000
00000000000000000000001111110000